0 0.489494 0.706387 0.001337 0.001700
1 0.488844 0.706337 0.001063 0.001300
2 0.489800 0.707056 0.001500 0.001437
2 0.490256 0.707762 0.000988 0.001700
2 0.490619 0.708113 0.001437 0.001350
1 0.487044 0.704231 0.001837 0.001662
1 0.486406 0.704538 0.000937 0.001650
1 0.486425 0.706313 0.001275 0.001825
1 0.489212 0.704769 0.001475 0.001313
1 0.488181 0.705987 0.001713 0.001275
2 0.486625 0.705381 0.000850 0.001388
2 0.480337 0.707006 0.001425 0.001162
1 0.481400 0.707231 0.001125 0.001162
1 0.482669 0.706569 0.001262 0.001187
3 0.482438 0.705175 0.001450 0.001325
3 0.483212 0.710175 0.001650 0.001300
3 0.483362 0.707669 0.001300 0.001437
3 0.480406 0.705788 0.001337 0.001375
3 0.485925 0.708775 0.001400 0.001350
3 0.485687 0.708163 0.001525 0.001375
3 0.486331 0.708231 0.001687 0.001162
3 0.488994 0.708612 0.001362 0.001350
4 0.486256 0.709512 0.001187 0.001025
1 0.485406 0.704838 0.001388 0.001300
5 0.483106 0.707131 0.001262 0.001187
1 0.488400 0.704400 0.001275 0.001100
1 0.487750 0.704225 0.001325 0.001250
2 0.487287 0.706931 0.001225 0.001587
1 0.488262 0.707263 0.001450 0.001425
2 0.482219 0.706037 0.001087 0.001250
2 0.481237 0.705369 0.001375 0.001087
6 0.481706 0.709287 0.000937 0.001250
2 0.482556 0.708963 0.001313 0.000950
2 0.483056 0.708931 0.001262 0.000888
0 0.478775 0.704156 0.001425 0.002012
0 0.473500 0.703919 0.001350 0.001713
1 0.474481 0.709100 0.001687 0.001300
1 0.475669 0.709812 0.001337 0.001600
7 0.471700 0.705194 0.000975 0.001012
8 0.469469 0.706287 0.000737 0.000800
8 0.469669 0.706244 0.001087 0.000737
8 0.469219 0.708387 0.000862 0.000900
8 0.468775 0.709013 0.000800 0.000925
8 0.469512 0.710000 0.000750 0.000750
2 0.474281 0.708294 0.001288 0.001138
5 0.478644 0.709619 0.001087 0.001138
0 0.476737 0.704819 0.001250 0.001437
5 0.471338 0.703394 0.001450 0.001138
5 0.477262 0.705556 0.001475 0.001012
5 0.477150 0.704350 0.001175 0.001225
6 0.479200 0.702275 0.001300 0.001375
6 0.479200 0.710125 0.001425 0.000900
6 0.472794 0.702137 0.000937 0.000925
6 0.478825 0.707769 0.001100 0.001112
4 0.469906 0.701969 0.001087 0.001213
4 0.471031 0.702881 0.001463 0.001313
0 0.476812 0.707100 0.002000 0.001800
1 0.472475 0.703344 0.001375 0.001288
1 0.472019 0.702688 0.001538 0.001075
1 0.471056 0.703831 0.001262 0.001162
2 0.470850 0.704156 0.001200 0.001087
2 0.471125 0.702106 0.001275 0.001213
2 0.472612 0.704069 0.001400 0.001038
1 0.473700 0.702669 0.001200 0.001288
1 0.475944 0.701950 0.001187 0.001350
1 0.475313 0.702369 0.001225 0.001687
1 0.475981 0.705300 0.000937 0.001200
1 0.476356 0.705400 0.001187 0.001250
1 0.477400 0.702644 0.001225 0.001412
1 0.477150 0.702237 0.001200 0.001375
1 0.477869 0.703194 0.001512 0.001063
0 0.477812 0.702244 0.001300 0.001463
1 0.474813 0.706969 0.001175 0.001662
1 0.476237 0.707656 0.001475 0.001337
1 0.475825 0.706756 0.001500 0.001288
2 0.475237 0.708406 0.001325 0.001437
2 0.475756 0.709087 0.001512 0.001100
6 0.478225 0.708144 0.000975 0.001388
6 0.478481 0.709087 0.001063 0.001375
6 0.477812 0.709669 0.001050 0.000988
2 0.477906 0.710137 0.001238 0.001350
2 0.477063 0.708900 0.001600 0.001075
1 0.475844 0.703838 0.001412 0.001375
1 0.476488 0.702788 0.001275 0.001300
5 0.476988 0.712231 0.001700 0.001587
5 0.472694 0.720306 0.001587 0.001463
7 0.475900 0.713106 0.001150 0.000963
7 0.484500 0.717437 0.000975 0.000875
8 0.483469 0.719600 0.000937 0.000850
8 0.482650 0.719000 0.000925 0.000950
0 0.473581 0.717650 0.001813 0.001700
0 0.476006 0.718694 0.001713 0.001638
0 0.474544 0.718125 0.001837 0.001175
0 0.479094 0.713862 0.001138 0.001425
0 0.489300 0.715850 0.001550 0.001450
0 0.489069 0.716525 0.001962 0.001400
0 0.489869 0.718175 0.001288 0.001575
0 0.488038 0.717275 0.001475 0.001400
0 0.489175 0.714681 0.001300 0.001563
0 0.490025 0.715256 0.001175 0.001713
1 0.484944 0.715087 0.001512 0.001425
1 0.479350 0.714450 0.001075 0.001650
1 0.482950 0.712494 0.001525 0.001587
1 0.484094 0.715400 0.001463 0.001400
1 0.487875 0.719206 0.001300 0.001587
1 0.488506 0.720456 0.001488 0.001687
0 0.488450 0.715069 0.002000 0.001388
2 0.487069 0.717456 0.001262 0.001563
2 0.484400 0.714250 0.001425 0.001325
2 0.477988 0.719850 0.001500 0.001100
2 0.477800 0.720313 0.001850 0.000900
2 0.483431 0.713550 0.001238 0.001225
2 0.483906 0.713950 0.000862 0.001650
6 0.476719 0.713581 0.001587 0.001313
6 0.480356 0.716031 0.001837 0.001463
6 0.474325 0.716612 0.001400 0.001225
4 0.486494 0.714800 0.001488 0.001175
4 0.484337 0.716725 0.001325 0.001000
4 0.478538 0.712444 0.001600 0.001187
1 0.474881 0.717469 0.001613 0.001388
1 0.475319 0.710956 0.001538 0.001463
8 0.483175 0.723588 0.000975 0.000850
8 0.483337 0.722775 0.000950 0.000925
7 0.489519 0.725137 0.001087 0.000925
8 0.489269 0.729344 0.000937 0.000838
0 0.479906 0.730744 0.002288 0.002012
6 0.477844 0.724206 0.001737 0.001463
5 0.472637 0.721075 0.001200 0.001025
0 0.469919 0.720575 0.001238 0.001175
0 0.469500 0.720950 0.001925 0.001250
0 0.469062 0.720500 0.001475 0.001200
0 0.478406 0.725094 0.001213 0.001112
0 0.478581 0.725869 0.001512 0.001388
1 0.470175 0.721700 0.001300 0.001225
1 0.469431 0.721912 0.001138 0.001350
1 0.471031 0.721569 0.001288 0.001587
0 0.470800 0.724631 0.001400 0.001288
1 0.475944 0.726931 0.001412 0.001262
1 0.475363 0.725469 0.001750 0.001388
3 0.477875 0.726625 0.001100 0.001550
1 0.470925 0.723300 0.001850 0.001075
1 0.479906 0.721519 0.001138 0.001262
1 0.479469 0.722519 0.001313 0.001213
1 0.479312 0.725006 0.001275 0.001262
1 0.475769 0.724487 0.000888 0.001700
1 0.472494 0.727956 0.001262 0.001112
1 0.470194 0.727981 0.001313 0.001187
1 0.478469 0.727163 0.001112 0.001650
0 0.476075 0.726350 0.001675 0.001350
6 0.478888 0.721181 0.001350 0.001012
6 0.479544 0.723087 0.001012 0.001000
2 0.479381 0.726406 0.001512 0.001337
2 0.477650 0.721475 0.001200 0.001100
5 0.463987 0.733169 0.001475 0.001162
6 0.462763 0.729344 0.001200 0.001112
6 0.463600 0.729406 0.001150 0.001138
6 0.472175 0.733581 0.001075 0.001063
6 0.464062 0.732537 0.001375 0.001100
0 0.465506 0.727756 0.001437 0.001313
0 0.471137 0.730231 0.001275 0.001388
0 0.470288 0.728969 0.001800 0.001313
0 0.475463 0.730994 0.001450 0.001313
1 0.463100 0.727200 0.001775 0.001450
1 0.462537 0.728875 0.001425 0.001375
1 0.464425 0.729569 0.001475 0.001337
1 0.462744 0.730519 0.001337 0.001388
1 0.463931 0.730431 0.001587 0.000988
1 0.464069 0.731487 0.001587 0.001100
1 0.463644 0.732113 0.001362 0.001300
1 0.466225 0.731106 0.001050 0.001687
0 0.464963 0.728269 0.001550 0.001362
1 0.470381 0.731337 0.001512 0.001475
1 0.472550 0.730738 0.001150 0.001250
1 0.473206 0.730738 0.001162 0.001225
1 0.473094 0.731131 0.001262 0.001138
1 0.473994 0.732237 0.001538 0.001325
1 0.472556 0.731550 0.001063 0.001200
1 0.470375 0.734150 0.001450 0.001225
4 0.468600 0.735131 0.001425 0.000988
1 0.463637 0.735169 0.001650 0.001138
1 0.462519 0.733669 0.001238 0.001063
1 0.463369 0.733219 0.001488 0.001563
1 0.463019 0.734594 0.001313 0.001262
1 0.466369 0.733662 0.001337 0.001150
1 0.467056 0.733231 0.001337 0.001262
1 0.467731 0.732594 0.001412 0.001187
1 0.467425 0.733919 0.001400 0.001313
2 0.470281 0.730275 0.001288 0.001200
2 0.469894 0.730444 0.001213 0.001087
2 0.469156 0.728131 0.001463 0.001162
2 0.469338 0.733406 0.001050 0.001288
1 0.463950 0.734006 0.001375 0.001313
1 0.463512 0.734356 0.001350 0.001337
4 0.473400 0.731719 0.001300 0.001337
5 0.463838 0.714356 0.001350 0.001238
6 0.463731 0.717444 0.000963 0.001162
3 0.464581 0.713562 0.001038 0.001200
1 0.464969 0.711938 0.001737 0.001075
1 0.463325 0.714869 0.001175 0.001512
1 0.462875 0.714006 0.001750 0.000862
1 0.462881 0.714481 0.001563 0.001187
1 0.462831 0.715269 0.001337 0.001213
1 0.463100 0.717194 0.001375 0.001087
1 0.467938 0.717981 0.001475 0.001162
1 0.468175 0.716006 0.001900 0.000937
1 0.468400 0.719756 0.001375 0.001262
1 0.468350 0.714494 0.001325 0.001213
1 0.470781 0.715562 0.001162 0.001500
1 0.471244 0.717300 0.001362 0.001375
1 0.468650 0.717169 0.001500 0.001138
1 0.472438 0.713131 0.001050 0.001238
1 0.471669 0.713081 0.001012 0.001213
1 0.470756 0.714581 0.001187 0.001388
1 0.469725 0.713531 0.001400 0.000988
2 0.469206 0.717469 0.001187 0.001313
2 0.470288 0.715625 0.001325 0.001500
2 0.471269 0.713294 0.000963 0.001187
1 0.469450 0.719944 0.001725 0.001313
1 0.468844 0.718844 0.001288 0.001238
1 0.469256 0.718538 0.001437 0.001425
1 0.467025 0.717256 0.001225 0.001038
1 0.467781 0.717050 0.001288 0.001025
1 0.468044 0.716619 0.001662 0.001038
9 0.469994 0.714331 0.001488 0.001463
2 0.472313 0.714831 0.001475 0.001388
2 0.471587 0.715131 0.001325 0.001112
2 0.469863 0.717294 0.001100 0.001412
2 0.462181 0.716831 0.001288 0.001162
3 0.474575 0.719300 0.001025 0.001125
2 0.471519 0.718650 0.001038 0.001525
1 0.469737 0.718387 0.001250 0.001275
1 0.472150 0.716619 0.001350 0.001138
7 0.466725 0.724694 0.000950 0.000862
7 0.465600 0.724794 0.000800 0.000913
5 0.460794 0.722231 0.001388 0.001213
5 0.459994 0.721956 0.001213 0.001162
5 0.465350 0.721681 0.001275 0.001262
5 0.459569 0.725313 0.001563 0.001050
5 0.457431 0.722219 0.001112 0.001213
6 0.455525 0.720156 0.000975 0.001313
6 0.459019 0.725475 0.001063 0.001350
6 0.456919 0.721906 0.001087 0.001213
6 0.462044 0.720950 0.001337 0.000950
6 0.462231 0.721419 0.001213 0.000963
6 0.461550 0.721581 0.001450 0.001087
6 0.461150 0.720281 0.001425 0.001288
6 0.465669 0.721137 0.001112 0.001150
1 0.455869 0.718825 0.001238 0.002225
1 0.458406 0.719150 0.001238 0.001375
1 0.458050 0.718269 0.001450 0.001362
1 0.460256 0.720244 0.001388 0.001488
1 0.461894 0.720044 0.001313 0.001288
1 0.462844 0.720500 0.001613 0.000975
1 0.462719 0.720094 0.001313 0.001162
1 0.463631 0.720431 0.001538 0.001613
6 0.462306 0.718781 0.001362 0.001038
3 0.459756 0.721031 0.001313 0.001213
1 0.456313 0.721169 0.001475 0.001412
1 0.457663 0.724425 0.001425 0.001300
0 0.455881 0.726612 0.001587 0.001425
1 0.458550 0.722525 0.001425 0.001350
0 0.459238 0.722331 0.001750 0.001512
1 0.460869 0.724150 0.001213 0.001300
1 0.461431 0.723662 0.001362 0.001200
1 0.463019 0.722469 0.001587 0.001138
1 0.463369 0.723806 0.001662 0.001063
1 0.462637 0.722975 0.001375 0.000950
1 0.464156 0.722969 0.001538 0.001138
1 0.462950 0.721912 0.001675 0.001250
1 0.457512 0.720662 0.001400 0.001350
1 0.464281 0.722406 0.001463 0.001288
1 0.462444 0.725838 0.001087 0.001400
1 0.462981 0.725962 0.001288 0.000825
1 0.461844 0.724656 0.001587 0.001687
2 0.456338 0.722575 0.001625 0.001275
2 0.457019 0.725419 0.001288 0.001038
2 0.462531 0.724044 0.001713 0.001063
2 0.459537 0.719500 0.001850 0.000925
2 0.463506 0.724781 0.001038 0.001162
2 0.463075 0.725069 0.001225 0.001087
2 0.458556 0.726394 0.001813 0.001213
2 0.468050 0.723263 0.001300 0.001300
1 0.460275 0.723781 0.001475 0.001262
1 0.456112 0.725281 0.001075 0.001412
1 0.455894 0.723988 0.001412 0.001375
1 0.465263 0.723944 0.001350 0.001388
1 0.466844 0.722988 0.001362 0.001025
1 0.461612 0.726544 0.001600 0.001187
1 0.457012 0.719688 0.001175 0.001675
1 0.466650 0.717869 0.001600 0.001038
8 0.450731 0.717075 0.000812 0.000725
8 0.450025 0.715113 0.000925 0.000900
8 0.449788 0.715144 0.000875 0.000888
5 0.456962 0.716712 0.001325 0.001325
0 0.457869 0.717419 0.001587 0.001262
0 0.448700 0.718931 0.001275 0.001362
1 0.452062 0.716775 0.001975 0.001500
1 0.456956 0.715694 0.001038 0.001412
1 0.456487 0.715313 0.001275 0.001225
1 0.458056 0.715225 0.001613 0.001250
1 0.458544 0.717363 0.001213 0.001250
1 0.458331 0.716850 0.001337 0.001075
1 0.459281 0.716662 0.001388 0.001200
1 0.453744 0.715056 0.001187 0.001313
1 0.452769 0.714681 0.001512 0.001262
6 0.456962 0.712581 0.000975 0.000988
1 0.450856 0.719200 0.001313 0.001050
1 0.456556 0.717856 0.001463 0.001038
2 0.456744 0.713625 0.001463 0.001375
1 0.457806 0.712006 0.001662 0.001087
1 0.455881 0.716912 0.001412 0.001425
1 0.454325 0.715044 0.001000 0.001437
6 0.451731 0.717700 0.000988 0.001175
6 0.451969 0.717675 0.000562 0.000550
6 0.452075 0.717856 0.001275 0.000812
1 0.448850 0.718156 0.001950 0.001337
3 0.445725 0.727569 0.001175 0.001388
4 0.445525 0.726619 0.001200 0.001437
0 0.452562 0.724969 0.001950 0.001063
0 0.453825 0.725181 0.001800 0.001362
0 0.455081 0.726019 0.001337 0.001613
0 0.450537 0.728812 0.001300 0.001450
7 0.444556 0.729200 0.000913 0.000850
4 0.450600 0.725012 0.001375 0.001325
0 0.454281 0.723506 0.001388 0.001737
6 0.454638 0.722275 0.001075 0.001200
6 0.452844 0.723300 0.001437 0.000825
6 0.450219 0.725756 0.001187 0.001313
0 0.451256 0.726163 0.001912 0.001325
4 0.451087 0.725513 0.001500 0.001075
0 0.447556 0.722762 0.001788 0.001625
1 0.446031 0.724775 0.001538 0.001125
1 0.444819 0.722575 0.001213 0.001575
1 0.444456 0.725788 0.001362 0.001400
1 0.449887 0.727931 0.001400 0.001388
1 0.453775 0.726762 0.001650 0.001525
1 0.454663 0.726612 0.001200 0.001450
4 0.454562 0.724219 0.001200 0.001288
1 0.451494 0.723888 0.001563 0.001175
1 0.449025 0.723050 0.001375 0.001225
1 0.449794 0.722912 0.001238 0.001425
1 0.452025 0.724250 0.001825 0.001200
2 0.457444 0.729044 0.001388 0.001187
1 0.455156 0.722831 0.001762 0.001587
2 0.454969 0.723738 0.001412 0.001150
0 0.456844 0.725856 0.001788 0.001337
6 0.459606 0.727756 0.000937 0.001162
6 0.459506 0.727250 0.000937 0.001100
1 0.458569 0.730019 0.001362 0.001313
2 0.452950 0.724444 0.001400 0.001187
3 0.451619 0.729050 0.001187 0.001075
0 0.449669 0.726681 0.002188 0.001488
6 0.448181 0.725531 0.000888 0.000937
6 0.449781 0.725025 0.000963 0.001025
6 0.448587 0.724331 0.001075 0.000913
2 0.451381 0.724644 0.001412 0.001337
2 0.449675 0.724406 0.001700 0.001012
2 0.450031 0.723788 0.001837 0.001050
2 0.457087 0.727762 0.001300 0.001325
0 0.455675 0.733137 0.001425 0.001800
1 0.458313 0.733012 0.001375 0.001175
0 0.453694 0.731712 0.001488 0.001250
1 0.452350 0.731950 0.001650 0.001350
1 0.456412 0.735475 0.001250 0.001325
1 0.456400 0.734294 0.001600 0.001238
1 0.456744 0.734794 0.001488 0.001262
9 0.457456 0.734781 0.001512 0.001488
1 0.454969 0.733050 0.001313 0.001300
6 0.454900 0.733619 0.001075 0.001063
6 0.456062 0.734869 0.001075 0.001238
6 0.458363 0.733431 0.000975 0.001087
2 0.454350 0.733625 0.001200 0.001350
2 0.452506 0.732919 0.000913 0.001087
4 0.457669 0.735600 0.001038 0.001025
4 0.458037 0.736019 0.001200 0.001038
1 0.456781 0.736669 0.001563 0.001412
1 0.462344 0.736306 0.001888 0.001313
1 0.461606 0.734194 0.001313 0.001213
1 0.461462 0.734850 0.001125 0.001425
1 0.462050 0.734931 0.001325 0.001238
1 0.456125 0.733256 0.001775 0.001337
2 0.453881 0.733269 0.000963 0.001238
2 0.455313 0.734694 0.001175 0.001187
2 0.462931 0.733994 0.001563 0.001187
2 0.460175 0.732919 0.001325 0.001262
2 0.459800 0.733900 0.002050 0.001075